The sequence is a "Look-and-say" sequence (http://en.wikipedia.org/wiki/Look-and-say_sequence).

The item at a[30] is :

13211321322113311213212312311211131122211213211331121321123123211231131122211211
13122113111231133221121321132122311211131122211213211321322112312321123113213221
12311311222113111231133221121113122113121113221112131221123113111231121123222112
13211321322113312211223113112221121113122113111231133221121321132132211331121321
23222112312321123113213221123113112221133112132123222112311311222113111231133211
12131221123113111231121123222112111312211312111322212321121113122113221113122112
13211312111322211231131122111213122112311311221132211221121332211213211321322113
31121321231231121113121113122122311311222113111231133221121113122113121113221112
13122112311311123112112322211213211321322113311213212312311211131122211213211331
12132112211213322112312321123113213221123113112221133112132123222112311311222113
11123113223112111311222112132113311213211221121332211231131122211311123113321112
13122112311311123112111331121113122112132113121113222112311311221112131221123113
11221132211221121332211211131221131211132221232112111312111213111213211231132132
21121113122113121113222113221113122113121113222112132113213221232112111312111213
32211231131122211311122122111312211213211312111322211231131122211311122113222123
12211322212221121123222112132113213221133112132123123112111311222112132113311213
21123123211231131122211211131221131112311332211213211321223112111311222112132113
21322112312321123113213221123113112221131112311332211211131221131211221321123113
21322112111312211312111322212311322113212221223113112221131112311332111213122112
31131112311211133112111312211213211312111322211231131122111213122112311311221132
21122112133221121113122113121113222123211211131211121311121321123113213221121113
12211312111322211322111312211312111322211213211321322123211211131211121332211231
13112221131112212211131221121321131211132221123113112221131112211322212312211322
21222112112322211211131221131211132221232112111312111213111213211231132132211211
13122123211211131221121311121312211213211321322112311311222113311213212322211211
13122113121122132112311321322112111312211312111322211213111213122112132113121113
22211213211321322113311213212322211231131122211311123113223112111311222112132113
31121321122112133221121113122113121113222123112221221321132132211231131122211331
12132123222112111312211312111322212311322123123112111321322123122113222122211211
23222112132113213221133112132123123112111311222112132113311213211231232112311311
22211211131221131112311332211213211321223112111311222112132113213221123123211231
13213221123113112221131112311332211211131221131211132211121312211231131112311211
23222112132113213221133112132123123112111311222112132113311213211221121332211322
13211321322113311213212312311211131122211213211331121321122112133221123113112221
13111231133211121312211231131122211322311311222112111312211311123113322112132113
21223112111311222112132113212221132221222112112322211211131221131211132221232112
11131211121311121321123113111231131122112213211321322113311213212322211231131122
21131112311322311211131122211213211331121321122112133221121113122113121113222123
21121113121112131112132112311311222113221321123123211231131122211211131221133112
13211322132112311312111322111213112221133211322112211213322112311311222113111231
13321112131221123113111231121113311211131221121321131211132221123113112211121312
21123113112221121113311211131122211211131221131211132221121321132132212321121113
12111213322112311311222113111221221113122112132113121113222112311311222113111231
13322112111331121113112221121113122113111231133221121113122113121113222123211211
13121112133221121321132132211331121321132213211231132132211211131221232112111312
21222112112322211231131122211311123113321112132132112211131221131211132221121321
13213221232112111312111213322112311311222113111231133211121312211231131112311211
23222112111331121113112221121113122113111231133221121113122113121113221112131221
12311311123112112322211211131221131211132221232112111312111213111213211231132132
21121113122123211211131221222112112322211213211321322113311213212312311211131122
21121321132132211322132113213221123113112221133112132123222112111312211312112213
21123113213221121113122113121132211332113221122112133221123113112221131112311332
11121312211231131112311211133112111312211213211331121321132122212211131221131211
13222123211211131211121332211213211321322113311213211322132112311321322112111312
21232112111312212221121123222112311311222113111231133211121312211231131112311211
13311211131221121321131211132221123113112211121312211231131122113221122112133221
12111331121113112221121113122113111231133221121113122113121113221112131221123113
11123112112322211211131221131211132221232112111312211322111312211213211312111322
21123113112211121312211231131122113221122112133221121113122113121113222123211211
13121112131112132112311321322112111312212321121113122112131112131221121321132132
21123113112221133112132123222112111312211312112213211231132132211211131221131211
32211332113221122112133221121321132132211331121321231231121113112221121321133112
13211231232112311311222112111312211311123113322112132113212231121113112221121321
13213221123123211231132132211231131122211311123113322112111312211312111322111213
12211231131112311211232221121321132132211331121321231231121113121113122122311311
22211311123113322112111312211312111322111213122112311311123112112322211211131221
13121113222123211211131211121311121321123113112221132213211231232112311311221132
21122112133221121113122113121113222123211211131211121332211322132113213221133112
13212312311211131122211213211331121321122112133221123113112221131112311332111213
12211231131112311211133112111312211213211312111322211231131122211311122122111312
21121321131211132221121321132132211331222113321112133221121321132132211322311311
22211311123113322112111312211312111322212321121113122123211231131122113221123113
221113122112132113213211121332212311322113212221

and the len(a[30]) = 5808

http://www.pythonchallenge.com/pc/return/5808.html